1 1 60929871
1 1 439925509
1 1 312656270
1 2 230015913
1 3 425176088
2 31 618346260
2 31 525421033
2 31 1595141715
2 8 60987103
2 8 312422156
2 8 684833395
2 9 670026603
2 9 553381695
2 9 1612130585
2 90 345803507
2 90 60531045
2 90 517189607
2 90 385737947
2 71 014241493X
2 71 374500010
2 71 385338600
2 71 385486804
2 70 074324754X
2 70 141439661
2 70 142402516
2 70 743454537
2 70 393978893
2 70 64410935
2 70 143038419
2 70 553588486
3 10 763616052
3 10 689875347
3 10 670020559
3 10 316176486
3 60 64400026
3 61 316134023
3 61 006197806X
3 37 62059998
3 37 000100039X
3 37 1439153663
3 37 515141429
3 51 60245867
3 51 525951652
3 51 141043768
3 51 61726818
3 51 62059963
3 84 439206472
3 84 015206396X
3 84 140621679
4 12 451205766
4 12 545123267
4 12 316206849
4 12 312641893
4 12 375869026
4 12 312360266
4 12 307346609
4 12 752864327
4 12 141382899
4 45 1400052173
4 45 385340990
4 45 316017922
4 45 075640407X
4 45 743227441
4 44 739380338
5 21 60987561
5 21 450417395
5 80 679745580