2 6 60929871
2 6 439925509
2 7 312656270
2 8 230015913
2 9 425176088
5 18 452011876
5 19 039480001X
5 20 385537859
5 24 441008534
5 25 393327345
5 46 930289234
5 47 307592731
5 48 1416975861
5 49 393312836
5 50 552151696
5 52 525423648
5 53 192833596
5 54 394800168
5 55 1416914293
5 56 312353766
5 56 552995878
5 56 140285601
5 79 312353766
5 80 316055433
5 81 316055433
5 86 316055433
1 1 1594480001
1 2 399155341
1 3 385732554
1 4 385732554
1 5 451529308
1 26 451529308
1 27 451529308
1 28 385333846
1 29 307275558
1 30 143037145
1 63 451163966
1 64 451528824
1 64 312577222
1 64 1400078776
1 65 62059939
1 66 385738935
1 67 451527747
1 75 014131088X
1 75 440227534
1 75 440227534
1 75 399167064
1 89 399159347
2 6 451205766
2 6 316206849
2 6 312641893
2 7 451205766
2 7 312641893
2 7 375869026
2 7 307346609
2 8 312360266
2 8 752864327
2 9 307346609
2 31 451205766
2 31 141382899
2 32 316010669
2 32 1400052173
2 32 316206849
2 33 385340990
2 34 312641893